vcv <- c(.4002469889431013, -.0071251565819516, .4002469889431013, -.0071251565819516, .4002469889431013, -.0071251565819516, .4002469889431013, -.0071251565819516, .4002469889431013, -.0071251565819516, .4002469889431013, -.0071251565819516, .2542704730794501, -.0051458944279184, .2542704730794501, -.0051458944279184, .3088237356372277, -.007364005443559, .3088237356372277, -.007364005443559, -.0000920195317852, 1.69919413734e-06, -.0000920195317852, 1.69919413734e-06, -.0000920195317852, 1.69919413734e-06, -.0000920195317852, 1.69919413734e-06, -.0000920195317852, 1.69919413734e-06, -.0000920195317852, 1.69919413734e-06, -.0003507580599123, 6.58188605321e-06, -.0003507580599123, 6.58188605321e-06, -.000378895232783, 7.47895808052e-06, -.000378895232783, 7.47895808052e-06, .0000790569501704, -9.92109724481e-07, .0000790569501704, -9.92109724481e-07, .0000790569501704, -9.92109724481e-07, .0000790569501704, -9.92109724481e-07, .0000790569501704, -9.92109724481e-07, .0000790569501704, -9.92109724481e-07, .000067097285507, -6.96588637659e-07, .000067097285507, -6.96588637659e-07, .0000682510536718, -8.48163914825e-08, .0000682510536718, -8.48163914825e-08)
vcv <- c(vcv, -.0071251565819516, .0001493061278338, -.0071251565819516, .0001493061278338, -.0071251565819516, .0001493061278338, -.0071251565819516, .0001493061278338, -.0071251565819516, .0001493061278338, -.0071251565819516, .0001493061278338, -.0037793664657185, .0000828600686969, -.0037793664657185, .0000828600686969, -.0052863008675328, .0001390189344629, -.0052863008675328, .0001390189344629, 1.47696365372e-06, -3.53568509809e-08, 1.47696365372e-06, -3.53568509809e-08, 1.47696365372e-06, -3.53568509809e-08, 1.47696365372e-06, -3.53568509809e-08, 1.47696365372e-06, -3.53568509809e-08, 1.47696365372e-06, -3.53568509809e-08, 5.34662191734e-06, -1.01889199837e-07, 5.34662191734e-06, -1.01889199837e-07, 5.92012947544e-06, -1.22853635868e-07, 5.92012947544e-06, -1.22853635868e-07, -1.38390296228e-06, 2.03777852336e-08, -1.38390296228e-06, 2.03777852336e-08, -1.38390296228e-06, 2.03777852336e-08, -1.38390296228e-06, 2.03777852336e-08, -1.38390296228e-06, 2.03777852336e-08, -1.38390296228e-06, 2.03777852336e-08, -9.44719592019e-07, 1.63783392673e-08, -9.44719592019e-07, 1.63783392673e-08, -1.13548480468e-06, 4.94242495850e-09, -1.13548480468e-06, 4.94242495850e-09)
vcv <- c(vcv, .4002469889431013, -.0071251565819516, .4002469889431013, -.0071251565819516, .4002469889431013, -.0071251565819516, .4002469889431013, -.0071251565819516, .4002469889431013, -.0071251565819516, .4002469889431013, -.0071251565819516, .2542704730794501, -.0051458944279184, .2542704730794501, -.0051458944279184, .3088237356372277, -.007364005443559, .3088237356372277, -.007364005443559, -.0000920195317852, 1.69919413734e-06, -.0000920195317852, 1.69919413734e-06, -.0000920195317852, 1.69919413734e-06, -.0000920195317852, 1.69919413734e-06, -.0000920195317852, 1.69919413734e-06, -.0000920195317852, 1.69919413734e-06, -.0003507580599123, 6.58188605321e-06, -.0003507580599123, 6.58188605321e-06, -.000378895232783, 7.47895808052e-06, -.000378895232783, 7.47895808052e-06, .0000790569501704, -9.92109724481e-07, .0000790569501704, -9.92109724481e-07, .0000790569501704, -9.92109724481e-07, .0000790569501704, -9.92109724481e-07, .0000790569501704, -9.92109724481e-07, .0000790569501704, -9.92109724481e-07, .000067097285507, -6.96588637659e-07, .000067097285507, -6.96588637659e-07, .0000682510536718, -8.48163914825e-08, .0000682510536718, -8.48163914825e-08)
vcv <- c(vcv, -.0071251565819516, .0001493061278338, -.0071251565819516, .0001493061278338, -.0071251565819516, .0001493061278338, -.0071251565819516, .0001493061278338, -.0071251565819516, .0001493061278338, -.0071251565819516, .0001493061278338, -.0037793664657185, .0000828600686969, -.0037793664657185, .0000828600686969, -.0052863008675328, .0001390189344629, -.0052863008675328, .0001390189344629, 1.47696365372e-06, -3.53568509809e-08, 1.47696365372e-06, -3.53568509809e-08, 1.47696365372e-06, -3.53568509809e-08, 1.47696365372e-06, -3.53568509809e-08, 1.47696365372e-06, -3.53568509809e-08, 1.47696365372e-06, -3.53568509809e-08, 5.34662191734e-06, -1.01889199837e-07, 5.34662191734e-06, -1.01889199837e-07, 5.92012947544e-06, -1.22853635868e-07, 5.92012947544e-06, -1.22853635868e-07, -1.38390296228e-06, 2.03777852336e-08, -1.38390296228e-06, 2.03777852336e-08, -1.38390296228e-06, 2.03777852336e-08, -1.38390296228e-06, 2.03777852336e-08, -1.38390296228e-06, 2.03777852336e-08, -1.38390296228e-06, 2.03777852336e-08, -9.44719592019e-07, 1.63783392673e-08, -9.44719592019e-07, 1.63783392673e-08, -1.13548480468e-06, 4.94242495850e-09, -1.13548480468e-06, 4.94242495850e-09)
vcv <- c(vcv, .4002469889431013, -.0071251565819516, .4002469889431013, -.0071251565819516, .4002469889431013, -.0071251565819516, .4002469889431013, -.0071251565819516, .4002469889431013, -.0071251565819516, .4002469889431013, -.0071251565819516, .2542704730794501, -.0051458944279184, .2542704730794501, -.0051458944279184, .3088237356372277, -.007364005443559, .3088237356372277, -.007364005443559, -.0000920195317852, 1.69919413734e-06, -.0000920195317852, 1.69919413734e-06, -.0000920195317852, 1.69919413734e-06, -.0000920195317852, 1.69919413734e-06, -.0000920195317852, 1.69919413734e-06, -.0000920195317852, 1.69919413734e-06, -.0003507580599123, 6.58188605321e-06, -.0003507580599123, 6.58188605321e-06, -.000378895232783, 7.47895808052e-06, -.000378895232783, 7.47895808052e-06, .0000790569501704, -9.92109724481e-07, .0000790569501704, -9.92109724481e-07, .0000790569501704, -9.92109724481e-07, .0000790569501704, -9.92109724481e-07, .0000790569501704, -9.92109724481e-07, .0000790569501704, -9.92109724481e-07, .000067097285507, -6.96588637659e-07, .000067097285507, -6.96588637659e-07, .0000682510536718, -8.48163914825e-08, .0000682510536718, -8.48163914825e-08)
vcv <- c(vcv, -.0071251565819516, .0001493061278338, -.0071251565819516, .0001493061278338, -.0071251565819516, .0001493061278338, -.0071251565819516, .0001493061278338, -.0071251565819516, .0001493061278338, -.0071251565819516, .0001493061278338, -.0037793664657185, .0000828600686969, -.0037793664657185, .0000828600686969, -.0052863008675328, .0001390189344629, -.0052863008675328, .0001390189344629, 1.47696365372e-06, -3.53568509809e-08, 1.47696365372e-06, -3.53568509809e-08, 1.47696365372e-06, -3.53568509809e-08, 1.47696365372e-06, -3.53568509809e-08, 1.47696365372e-06, -3.53568509809e-08, 1.47696365372e-06, -3.53568509809e-08, 5.34662191734e-06, -1.01889199837e-07, 5.34662191734e-06, -1.01889199837e-07, 5.92012947544e-06, -1.22853635868e-07, 5.92012947544e-06, -1.22853635868e-07, -1.38390296228e-06, 2.03777852336e-08, -1.38390296228e-06, 2.03777852336e-08, -1.38390296228e-06, 2.03777852336e-08, -1.38390296228e-06, 2.03777852336e-08, -1.38390296228e-06, 2.03777852336e-08, -1.38390296228e-06, 2.03777852336e-08, -9.44719592019e-07, 1.63783392673e-08, -9.44719592019e-07, 1.63783392673e-08, -1.13548480468e-06, 4.94242495850e-09, -1.13548480468e-06, 4.94242495850e-09)
